% STATION LAT=  42.36 DEG LONG= -71.09
% ROLLOFF = 12, Mode 4 MATCH = 1
% Each line is the average of 1 scans
% starting recording v>=2.00
% srt.cmd: line 5 : record g0.rad 0
%2017 128 05 43 53 157.0 14.9 0.0 0.0 0.1 -0.1 1419.84 0.00781250 4 148
%freq	signal
1419.84000	2.9
1419.84781	3.4
1419.85562	5.6
1419.86344	10.4
1419.87125	19.0
1419.87906	33.4
1419.88687	52.3
1419.89469	72.3
1419.90250	103.3
1419.91031	101.5
1419.91812	100.9
1419.92594	98.7
1419.93375	103.6
1419.94156	102.0
1419.94937	100.6
1419.95719	100.6
1419.96500	104.2
1419.97281	103.3
1419.98062	100.8
1419.98844	102.7
1419.99625	111.8
1420.00406	100.9
1420.01187	105.6
1420.01969	103.7
1420.02750	103.5
1420.03531	100.0
1420.04312	101.2
1420.05094	103.2
1420.05875	104.7
1420.06656	103.4
1420.07437	101.9
1420.08219	103.0
1420.09000	102.9
1420.09781	101.9
1420.10562	104.5
1420.11344	104.5
1420.12125	103.9
1420.12906	104.0
1420.13687	105.5
1420.14469	102.7
1420.15250	101.2
1420.16031	101.0
1420.16812	106.3
1420.17594	104.5
1420.18375	104.3
1420.19156	103.3
1420.19937	101.4
1420.20719	104.1
1420.21500	105.2
1420.22281	102.8
1420.23062	100.9
1420.23844	105.3
1420.24625	102.5
1420.25406	104.5
1420.26187	105.0
1420.26969	104.4
1420.27750	105.4
1420.28531	106.2
1420.29312	102.2
1420.30094	105.8
1420.30875	103.6
1420.31656	106.5
1420.32437	104.6
1420.33219	104.1
1420.34000	108.3
1420.34781	105.7
1420.35562	105.5
1420.36344	105.8
1420.37125	105.4
1420.37906	108.2
1420.38687	106.8
1420.39469	104.7
1420.40250	110.3
1420.41031	108.2
1420.41812	107.0
1420.42594	108.0
1420.43375	110.9
1420.44156	109.0
1420.44937	111.3
1420.45719	110.3
1420.46500	111.9
1420.47281	111.6
1420.48062	113.7
1420.48844	116.8
1420.49625	118.6
1420.50406	120.2
1420.51187	122.7
1420.51969	124.0
1420.52750	122.0
1420.53531	121.7
1420.54312	118.8
1420.55094	120.2
1420.55875	125.9
1420.56656	122.9
1420.57437	122.9
1420.58219	121.3
1420.59000	119.2
1420.59781	116.6
1420.60562	116.2
1420.61344	116.2
1420.62125	112.8
1420.62906	115.3
1420.63687	113.1
1420.64469	111.4
1420.65250	109.9
1420.66031	108.0
1420.66812	108.8
1420.67594	110.4
1420.68375	110.4
1420.69156	106.8
1420.69937	107.3
1420.70719	104.5
1420.71500	106.0
1420.72281	103.0
1420.73062	105.3
1420.73844	104.6
1420.74625	104.6
1420.75406	105.1
1420.76187	105.9
1420.76969	104.3
1420.77750	106.2
1420.78531	102.7
1420.79312	106.0
1420.80094	104.5
1420.80875	104.6
1420.81656	104.1
1420.82437	103.9
1420.83219	104.3
1420.84000	100.5
1420.84781	105.3
1420.85562	104.3
1420.86344	102.5
1420.87125	104.7
1420.87906	106.2
1420.88687	102.7
1420.89469	103.9
1420.90250	108.7
1420.91031	106.9
1420.91812	107.0
1420.92594	103.4
1420.93375	104.1
1420.94156	70.8
1420.94937	51.0
1420.95719	30.5
1420.96500	15.8
1420.97281	6.1
1420.98062	1.2
1420.98844	-0.8
% Each line is the average of 100 scans
% srt.cmd: line 6 : repeat 100
% average of 100 scans
%2017 128 05 57 04 157.0 14.9 0.0 0.0 1.6 -2.6 1419.84 0.00781250 4 148
%freq	signal
1419.84000	4.2
1419.84781	4.7
1419.85562	6.7
1419.86344	11.6
1419.87125	20.6
1419.87906	34.6
1419.88687	54.6
1419.89469	73.1
1419.90250	103.7
1419.91031	103.6
1419.91812	103.4
1419.92594	103.9
1419.93375	105.0
1419.94156	104.0
1419.94937	103.9
1419.95719	103.7
1419.96500	104.2
1419.97281	104.0
1419.98062	104.5
1419.98844	105.0
1419.99625	115.0
1420.00406	105.1
1420.01187	107.2
1420.01969	104.5
1420.02750	104.1
1420.03531	104.2
1420.04312	104.6
1420.05094	104.5
1420.05875	104.7
1420.06656	104.4
1420.07437	104.6
1420.08219	104.6
1420.09000	104.5
1420.09781	104.3
1420.10562	104.5
1420.11344	104.5
1420.12125	104.7
1420.12906	104.4
1420.13687	105.2
1420.14469	104.9
1420.15250	104.9
1420.16031	104.8
1420.16812	105.1
1420.17594	105.2
1420.18375	104.7
1420.19156	105.1
1420.19937	105.0
1420.20719	104.7
1420.21500	105.1
1420.22281	104.6
1420.23062	105.1
1420.23844	104.9
1420.24625	105.1
1420.25406	104.8
1420.26187	104.9
1420.26969	104.4
1420.27750	104.8
1420.28531	104.9
1420.29312	104.9
1420.30094	105.1
1420.30875	105.0
1420.31656	105.2
1420.32437	105.4
1420.33219	105.7
1420.34000	105.7
1420.34781	106.1
1420.35562	106.0
1420.36344	105.9
1420.37125	106.6
1420.37906	106.5
1420.38687	107.1
1420.39469	107.3
1420.40250	107.4
1420.41031	107.8
1420.41812	108.5
1420.42594	108.7
1420.43375	110.3
1420.44156	110.1
1420.44937	111.0
1420.45719	111.9
1420.46500	113.4
1420.47281	114.4
1420.48062	115.0
1420.48844	116.8
1420.49625	117.8
1420.50406	119.9
1420.51187	121.5
1420.51969	122.3
1420.52750	121.4
1420.53531	120.0
1420.54312	120.8
1420.55094	122.7
1420.55875	123.3
1420.56656	122.2
1420.57437	120.9
1420.58219	119.3
1420.59000	118.0
1420.59781	116.7
1420.60562	115.0
1420.61344	113.8
1420.62125	113.1
1420.62906	112.6
1420.63687	111.6
1420.64469	110.8
1420.65250	110.4
1420.66031	109.8
1420.66812	108.9
1420.67594	108.6
1420.68375	108.3
1420.69156	107.1
1420.69937	106.8
1420.70719	106.6
1420.71500	106.3
1420.72281	106.2
1420.73062	106.0
1420.73844	105.4
1420.74625	105.3
1420.75406	105.4
1420.76187	105.4
1420.76969	105.4
1420.77750	105.4
1420.78531	105.0
1420.79312	105.6
1420.80094	105.6
1420.80875	105.0
1420.81656	104.8
1420.82437	105.2
1420.83219	104.7
1420.84000	104.8
1420.84781	105.0
1420.85562	105.0
1420.86344	104.9
1420.87125	105.2
1420.87906	105.1
1420.88687	104.7
1420.89469	104.3
1420.90250	104.7
1420.91031	104.8
1420.91812	104.6
1420.92594	104.5
1420.93375	104.5
1420.94156	70.1
1420.94937	50.0
1420.95719	31.0
1420.96500	16.3
1420.97281	6.7
1420.98062	1.6
1420.98844	-0.5
% stopping recording
% last line
