% STATION LAT=  42.36 DEG LONG= -71.09
% ROLLOFF = 12, Mode 4 MATCH = 1
% Each line is the average of 1 scans
% starting recording v>=2.00
% srt.cmd: line 6 : record g95.rad 	
2017:129:05:49:20	50.0	37.4	0.0	0.0	95.1	-0.0	1419.84	0.00781250	4	148	3.4	3.9	5.9	10.1	18.1	32.6	50.3	67.1	98.1	96.2	97.3	97.4	96.0	99.4	94.7	95.6	100.3	96.0	95.5	97.6	100.3	97.5	95.5	96.3	98.7	98.0	98.2	98.5	96.4	96.3	95.3	97.3	98.2	97.7	99.3	98.6	98.7	97.1	97.5	97.9	98.1	97.7	99.4	97.4	98.4	97.3	97.0	98.7	100.1	100.4	97.5	99.5	96.4	98.2	97.1	100.6	97.5	98.7	99.8	96.7	97.6	97.6	101.2	98.4	98.7	97.1	99.6	99.6	98.8	97.8	99.7	97.9	97.8	99.8	98.2	97.6	97.2	98.4	100.8	97.0	101.5	100.3	100.5	101.5	104.5	107.1	108.6	109.1	112.7	112.8	114.1	114.6	116.0	116.1	114.9	111.3	110.4	112.6	111.1	109.3	108.7	108.7	105.2	105.4	104.9	103.5	104.2	103.3	103.9	103.6	102.8	105.3	105.8	103.1	103.2	106.8	107.2	105.3	109.0	106.6	106.8	104.4	104.8	105.9	105.9	104.6	104.7	104.9	103.4	106.1	105.6	104.6	109.9	108.4	105.5	106.9	106.0	103.9	104.9	99.9	103.5	69.8	49.8	30.0	15.4	5.6	0.8	-1.4	vlsr	-25.50
% Each line is the average of 50 scans
% srt.cmd: line 7 : repeat 50
% average of 50 scans
2017:129:05:55:33	50.0	37.4	0.0	0.0	95.8	-0.6	1419.84	0.00781250	4	148	3.5	4.0	5.9	10.5	18.9	32.0	51.2	68.7	97.1	97.1	97.0	96.9	97.1	97.0	96.9	97.3	97.2	97.3	97.2	97.7	99.5	97.9	98.4	98.1	97.5	97.7	97.8	98.0	97.9	98.0	97.7	97.9	98.3	98.1	98.2	97.9	97.8	98.2	98.4	98.3	97.9	97.9	98.1	98.1	98.2	98.3	98.3	98.3	98.3	98.4	98.2	98.5	98.5	98.4	98.3	98.6	98.7	98.4	98.8	98.6	98.9	98.4	99.1	98.8	98.8	98.9	99.2	99.2	98.9	99.4	99.3	99.6	99.4	99.5	99.2	99.8	99.4	99.9	99.8	100.2	100.8	100.9	101.4	103.1	104.0	106.2	108.5	111.1	113.5	114.5	114.9	114.4	113.8	113.7	113.5	112.8	112.1	111.8	110.9	110.8	109.7	108.7	107.8	107.5	106.3	105.4	105.2	104.1	105.1	104.2	105.2	105.1	105.9	106.4	106.6	107.0	106.9	106.8	107.3	107.5	107.1	107.0	107.1	107.4	107.0	107.3	106.5	106.9	107.1	107.5	106.9	107.7	107.3	107.4	107.4	107.2	106.4	106.2	106.0	105.2	105.4	70.8	50.4	31.7	17.0	7.4	2.3	0.2	vlsr	-25.23
% stopping recording
% last line
