       0
       0
       0
       0
       0
       0
       0
       0
       0
       0
       0
       0
       0
       0
       0
       0
       0
       0
       0
       0
       0
       0
       0
       0
       0
       0
       0
       0
       0
       0
       0
       0
       0
       0
       0
       0
       0
       0
       0
       0
       0
       0
       0
       0
       0
       0
       0
       0
       0
       0
       0
       0
       0
       0
       0
       0
       0
       0
       0
       0
       0
       0
       0
       0
       0
       0
       0
       0
       0
       0
       0
       0
       0
       0
       0
       0
       0
       0
       0
       0
       0
       0
       0
       0
       0
       0
       0
       0
       0
       0
       0
       0
       0
       0
       0
       0
       0
       0
       0
       0
       0
       0
       0
       0
       0
       0
       0
       0
       0
       0
       0
       0
       0
       0
       0
       0
       0
       0
       0
       0
       0
       0
       0
       0
       0
       0
       0
       0
       0
       0
       0
       0
       0
       0
       0
       0
       0
       0
       0
       0
       0
       0
       0
       0
       0
       0
       0
       0
       0
       0
       0
       0
       0
       0
       0
       0
       0
       0
       0
       0
       0
       0
       0
       0
       0
       0
       0
       0
       0
       0
       0
       0
       0
       0
       0
       0
       0
       0
       0
       0
       0
       0
       0
       0
       0
       0
       0
       0
       0
       0
       0
       0
       0
       0
       1
       1
       2
       2
       4
       5
       4
       2
       0
       0
       1
       0
       1
       7
       4
       3
       3
       1
       1
       2
       3
       2
       5
       3
       4
       2
       5
       1
       1
       0
       0
       1
       0
       2
       1
       0
       1
       1
       0
       1
       0
       1
       0
       2
       3
       3
       1
       4
       1
       0
       2
       3
       4
       1
       1
       0
       4
       0
       1
       4
       0
       3
       1
       1
       2
       1
       1
       1
       0
       2
       2
       0
       0
       4
       2
       1
       1
       3
       2
       2
       1
       2
       3
       2
       1
       1
       1
       2
       1
       3
       2
       1
       5
       1
       3
       2
       4
       0
       0
       1
       4
       2
       1
       0
       2
       0
       1
       2
       2
       0
       5
       4
       1
       2
       2
       3
       4
       0
       2
       1
       2
       2
       1
       2
       0
       1
       3
       1
       5
       3
       1
       5
       2
       0
       0
       1
       0
       3
       0
       1
       1
       3
       1
       6
       2
       3
       3
       1
       1
       1
       4
       0
       3
       2
       4
       2
       2
       4
       4
       1
       2
       5
       3
       4
       0
       1
       2
       2
       2
       2
       2
       6
       4
       0
       6
       3
       1
       1
       4
       2
       2
       2
       0
       4
       1
       3
       3
       1
       3
       4
       2
       4
       2
       1
       2
       2
       2
       7
       1
       1
       2
       2
       0
       1
       2
       5
       3
       1
       5
       3
       3
       3
       7
       3
       0
       1
       1
       0
       3
       3
       2
       2
       1
       1
       3
       5
       4
       1
       2
       1
       7
       4
       4
       3
       0
       0
       2
       3
       3
       3
       2
       3
       3
       2
       2
       3
       3
       0
       3
       3
       5
       3
       5
       2
       2
       5
       3
       7
       7
       0
       3
       0
       3
       2
       4
       2
       3
       3
       4
       3
       1
       2
       6
       5
       5
       5
       1
       7
       2
       3
       5
       5
       5
       1
       4
       5
       3
       6
       3
       4
       7
       4
       1
       4
       5
       6
       3
       6
       6
       2
       5
       4
       4
       6
       4
       4
       5
       3
       4
       2
       6
       7
       5
       7
       1
       4
       2
       4
       6
       2
       5
       6
       6
       5
       3
       5
       8
       5
       2
       8
       5
       5
       6
      13
       5
       3
       6
       5
       6
       8
       3
       3
       6
       6
       7
       6
       4
       3
       7
       6
       8
       3
      11
       6
       5
       7
      11
       5
       7
       6
       7
       6
       5
       5
       7
       4
      10
       4
      12
       7
       9
       4
       7
       3
       2
      11
      12
       4
       6
       8
       9
      10
       6
       6
      10
       8
      11
       7
       6
      12
       8
       9
       8
      11
       8
      15
      12
      13
      13
      11
      12
      13
       3
      13
      11
      10
      10
      16
      14
       7
      14
       6
      18
       7
      11
      12
       9
      18
      14
       9
      18
       8
      14
      14
      10
      14
      19
       8
      15
      16
      21
      18
      14
      18
       8
      18
      19
      15
      13
      13
      15
      16
      25
      22
      21
      16
      18
      23
      24
      25
      23
      20
      24
      21
      22
      19
      24
      19
      29
      25
      29
      26
      29
      23
      21
      30
      34
      30
      27
      37
      38
      34
      42
      29
      36
      25
      41
      27
      35
      36
      44
      39
      34
      39
      45
      40
      46
      41
      39
      38
      38
      52
      41
      38
      70
      53
      50
      52
      48
      62
      58
      51
      49
      62
      75
      67
      46
      60
      68
      57
      65
      67
      68
      80
      86
      73
      67
      76
      71
      75
      78
      97
      89
      98
      84
      95
      99
      84
     117
     101
     117
      98
     117
      96
     117
     123
      98
     109
     116
     122
     126
     141
     119
     114
     135
     117
     134
     152
     133
     130
     122
     148
     156
     143
     149
     156
     144
     158
     157
     198
     149
     172
     178
     181
     174
     183
     201
     199
     198
     160
     226
     178
     206
     177
     201
     211
     212
     200
     240
     221
     238
     236
     239
     245
     231
     236
     237
     248
     251
     268
     237
     245
     248
     272
     263
     272
     281
     256
     277
     286
     270
     270
     272
     282
     298
     312
     291
     295
     289
     299
     299
     261
     286
     328
     287
     309
     304
     332
     334
     326
     309
     297
     296
     324
     307
     287
     333
     302
     279
     305
     327
     347
     347
     338
     301
     332
     287
     314
     299
     298
     294
     283
     300
     297
     316
     305
     305
     272
     316
     340
     300
     303
     281
     279
     269
     285
     284
     288
     279
     278
     287
     290
     281
     269
     262
     253
     285
     229
     227
     246
     296
     266
     217
     210
     235
     255
     221
     215
     202
     201
     204
     202
     198
     194
     197
     196
     175
     183
     215
     196
     173
     152
     170
     160
     179
     159
     163
     186
     131
     139
     143
     148
     142
     141
     112
     136
     116
     114
      99
     102
     115
      97
      92
     108
     103
      93
      81
      81
      87
      73
      84
      84
      84
      72
      54
      61
      70
      84
      63
      53
      55
      54
      35
      53
      38
      35
      50
      36
      40
      40
      34
      29
      40
      23
      23
      24
      24
      25
      28
      24
      20
      18
      15
      16
      22
      18
      27
      18
       6
      18
      17
      12
       8
      13
      14
       9
       9
       8
       7
       8
       9
      14
       8
       6
       5
       4
       6
      11
       3
       2
       3
       9
       4
       7
       4
       0
       3
       2
       1
       1
       3
       0
       3
       0
       5
       3
       0
       3
       2
       0
       2
       3
       3
       0
       0
       0
       3
       1
       2
       2
       2
       2
       3
       2
       0
       0
       1
       0
       1
       3
       0
       2
       0
       1
       0
       0
       1
       0
       1
       0
       0
       1
       0
       0
       1
       0
       1
       0
       0
       0
       0
       1
       0
       0
       0
       3
       0
       0
       0
       0
       0
       0
       1
       0
       0
       0
       1
       0
       0
       0
       0
       0
       1
       0
       0
       0
       0
       0
       0
       0
       0
       0
       0
       0
       1
       0
       1
       0
       0
       0
       0
       0
       0
       0
       0
       0
       0
       0
       0
       0
       0
       0
       0
       0
       0
       0
       0
       0
       0
       0
       0
       0
       0
       0
       0
       0
       0
       0
       0
       0
       0
       0
       0
       0
       0
       0
       1
       0
       0
       0
       0
       0
       0
       0
       0
       0
       0
       0
       0
       0
       0
       0
       0
       0
       0
       0
       0
       0
       0
       0
       0
       0
       0
       0
       0
       0
       0
       0
       0
       0
       0
       0
       0
       0
       0
       0
       0
       0
       0
       0
       0
       0
       0
       0
       0
       0
       0
       0
       0
       0
       0
       0
       0
       0
       0
       0
       0
       0
       0
       0
       0
       0
       0
       0
       0
       0
       0
       0
       0
       0
       0
       0
       0
       0
       0
       0
       0
       0
       0
       0
       0
       0
       0
       0
       0
       0
       0
       0
       0
       0
       0
       0
       0
       0
       0
       0
       0
       0
       0
       0
       0
       0
       0
       0
       0
       0
       0
       0
       0
       0
       0
       0
       0
       0
       0
       0
       0
       0
       0
       0
       0
       0
       0
       0
       0
       0
       0
       0
       0
       0
       0
       0
       0
       0
       0
       0
       0
       0
       0
       0
       0
       0
       0
       0
       0
       0
       0
       0
       0
       0
       0
       0
       0
       0
       0
       0
       0
       0
       0
       0
       0
       0
       0
       0
       0
       0
       0
       0
       0
       0
       0
       0
       0
       0
       0
       0
       0
       0
       0
       0
       0
       0
       0
       0
       0
       0
       0
       0
       0
       0
       0
       0
       0
       0
       0
       0
       0
       0
       0
       0
       0
       0
       0
       0
       0
       0
       0
       0
       0
       0
       0
       0
       0
       0
       0
       0
       0
       0
       0
       0
       0
       0
       0
       0
       0
       0
       0
       0
       0
       0
       0
       0
       0
       0
       0
       0
       0
       0
       0
       0
       0
       0
       0
       0
       0
       0
       0
       0
       0
       0
       0
       0
       0
       0
       0
       0
       0
       0
       0
       0
       0
       0
       0
       0
       0
       0
       0
       0
       0
       0
       0
       0
       0
       0
       0
       0
       0
       0
       0
       0
       0
       0
       0
       0
       0
       0
       0
       0
       0
       0
       0
       0
       0
       0
       0
       0
       0
       0
       0
       0
       0
       0
       0
       0
       0
       0
       0
       0
       0
       0
       0
       0
       0
       0
       0
       0
       0
       0
       0
       0
       0
       0
       0
       0
       0
       0
       0
       0
       0
       0
       0
       0
       0
       0
       0
       0
       0
       0
       0
       0
       0
       0
       0
       0
       0
       0
       0
       1
       0
       0
       0
       0
       0
       0
       0
       0
       1
       0
       0
       0
       0
       0
       0
       0
       0
       0
       0
       0
       0
       0
       0
       0
       0
       0
       0
       0
       0
       0
       0
       0
       0
       0
       0
       0
       0
       0
       0
       0
       0
       0
       0
       0
       0
       0
       0
       0
       0
       0
       0
       0
       0
       0
       0
       0
       0
       0
       0
       0
       0
       0
       0
       0
       0
       0
       0
       0
       0
       0
       0
       0
       0
       0
       0
       0
       0
       0
       0
       0
       0
       0
       0
       0
       0
       0
       0
       0
       0
       0
       0
       0
       0
       0
       0
       0
       0
       0
       0
       0
       0
       0
       0
       0
       0
       0
       0
       0
       0
       0
       0
       0
       0
       0
       0
       0
       0
       0
       0
       0
       0
       0
       0
       0
       0
       0
       0
       0
       0
       0
       0
       0
       0
       0
       0
       0
       0
       0
       0
       0
       0
       0
       0
       0
       0
       0
       0
       0
       0
       0
       0
       0
       0
       0
       0
       0
       0
       0
       0
       0
       0
       0
       0
       0
       0
       0
       0
       0
       0
       0
       1
       0
       0
       0
       0
       0
       0
       0
       0
       0
       0
       0
       0
       0
       0
       0
       0
       0
       0
       0
       0
       0
       0
       0
       0
       0
       0
       0
       0
       0
       0
       0
       0
       0
       0
       0
       0
       0
       0
       0
       0
       0
       0
       0
       0
       0
       0
       0
       0
       0
       0
       0
       0
       0
       0
       0
       0
       0
       0
       0
       0
       0
       0
       0
       0
       0
       0
       0
       0
       0
       0
       0
       0
       0
       0
       0
       0
       0
       0
       0
       0
       0
       0
       0
       0
       0
       0
       0
       0
       0
       0
       0
       0
       0
       0
       0
       0
       0
       0
       0
       0
       0
       0
       0
       0
       0
       0
       0
       0
       0
       0
       0
       0
       0
       0
       0
       0
       0
       0
       0
       0
       0
       0
       0
       0
       0
       0
       0
       0
       0
       0
       0
       0
       0
       0
       0
       0
       0
       0
       0
       0
       0
       0
       0
       0
       0
       0
       0
       0
       0
       0
       0
       0
       0
       0
       0
       0
       0
       0
       0
       0
       0
       0
       0
       0
       0
       0
       0
       0
       0
       0
       0
       0
       0
       0
       0
       0
       0
       0
       0
       0
       0
       0
       0
       0
       0
       0
       0
       0
       0
       0
       0
       0
       0
       0
       0
       0
       0
       0
       0
       0
       0
       0
       0
       0
       0
       0
       0
       0
       0
       0
       0
       0
       0
       0
       0
       0
       0
       0
       0
       0
       0
       0
       0
       0
       0
       0
       0
       0
       0
       0
       0
       0
       0
       0
       0
       0
       0
       0
       0
       0
       0
       0
       0
       0
       0
       0
       0
       0
       0
       0
       0
       0
       0
       0
       0
       0
       0
       0
       0
       0
       0
       0
       0
       0
       0
       0
       0
       0
       0
       0
       0
       0
       0
       0
       0
       0
       0
       0
       0
       0
       0
       0
       0
       0
       0
       0
       0
       0
       0
       0
       0
       0
       0
       0
       0
       0
       0
       0
       0
       0
       0
       0
       0
       0
       0
       0
       0
       0
       0
       0
       0
       0
       0
       0
       0
       0
       0
       0
       0
       0
       0
       0
       0
       0
       0
       0
       0
       0
       0
       0
       0
       0
       0
       0
       0
       0
       0
       0
       0
       0
       0
       0
       0
       0
       0
       0
       0
       0
       0
       0
       0
       0
       0
       0
       0
       0
       0
       0
       0
       0
       0
       0
       0
       0
       0
       0
       0
       0
       0
       0
       0
       0
       0
       0
       0
       0
       0
       0
       0
       0
       0
       0
       0
       0
       0
       0
       0
       0
       0
       0
       0
       0
       0
       0
       0
       0
       0
       0
       0
       0
       0
       0
       0
       0
       0
       0
       0
       0
       0
       0
       0
       0
       0
       0
       0
